201402 12582 13354 0 1 0 0 0 0 0 0 0 0 0 0 10000 16340
201403 12845 13115 0 0 1 0 0 0 0 0 0 0 0 0 10000 14262
201404 11157 11281 0 0 0 1 0 0 0 0 0 0 0 0 10000 11891
201405 10621 10677 0 0 0 0 1 0 0 0 0 0 0 0 10000 11144
201406 10432 10466 0 0 0 0 0 1 0 0 0 0 0 0 10000 10877
201407 10363 10392 0 0 0 0 0 0 1 0 0 0 0 0 10000 10757
201408 10425 10474 0 0 0 0 0 0 0 1 0 0 0 0 10500 11162
201409 11104 11348 0 0 0 0 0 0 0 0 1 0 0 0 12000 12950
201410 13378 14019 0 0 0 0 0 0 0 0 0 1 0 0 16000 16892
201411 18119 19272 0 0 0 0 0 0 0 0 0 0 1 0 24400 26201
201412 22907 24303 0 0 0 0 0 0 0 0 0 0 0 1 25000 33987

201501 22875 23774 1 0 0 0 0 0 0 0 0 0 0 0 10000 25861
201502 11789 11910 0 1 0 0 0 0 0 0 0 0 0 0 11600 13729
201503 12477 12820 0 0 1 0 0 0 0 0 0 0 0 0 14200 15485
201504 14280 14806 0 0 0 1 0 0 0 0 0 0 0 0 18000 18996
201505 15508 16252 0 0 0 0 1 0 0 0 0 0 0 0 20100 22682
201506 16890 17658 0 0 0 0 0 1 0 0 0 0 0 0 21100 23539
201507 18292 19115 0 0 0 0 0 0 1 0 0 0 0 0 22100 24490
201508 19867 20520 0 0 0 0 0 0 0 1 0 0 0 0 20100 24537
201509 19941 20397 0 0 0 0 0 0 0 0 1 0 0 0 15000 22391
201510 16605 16883 0 0 0 0 0 0 0 0 0 1 0 0 15500 19093
201511 15972 16275 0 0 0 0 0 0 0 0 0 0 1 0 17000 18588
201512 16640 16952 0 0 0 0 0 0 0 0 0 0 0 1 18500 19599

201601 15151 15679 1 0 0 0 0 0 0 0 0 0 0 0 18000 19207
201602 15752 16554 0 1 0 0 0 0 0 0 0 0 0 0 19200 20103
201603 18508 19272 0 0 1 0 0 0 0 0 0 0 0 0 23500 24344
201604 19853 21006 0 0 0 1 0 0 0 0 0 0 0 0 27200 28478
201605 21182 22585 0 0 0 0 1 0 0 0 0 0 0 0 30100 32225
201606 32371 24690 0 0 0 0 0 1 0 0 0 0 0 0 31600 34766
201607 25987 27367 0 0 0 0 0 0 1 0 0 0 0 0 32000 35522
201608 28182 29401 0 0 0 0 0 0 0 1 0 0 0 0 30400 35356
201609 28292 29100 0 0 0 0 0 0 0 0 1 0 0 0 20500 32422
201610 22107 22590 0 0 0 0 0 0 0 0 0 1 0 0 23100 26656
201611 22458 23236 0 0 0 0 0 0 0 0 0 0 1 0 25700 27150
201612 23198 24061 0 0 0 0 0 0 0 0 0 0 0 1 27700 28916
          
201701 21902 23076 1 0 0 0 0 0 0 0 0 0 0 0 27500 28643
201702 24511 25761 0 1 0 0 0 0 0 0 0 0 0 0 30100 31321
201703 26545 28025 0 0 1 0 0 0 0 0 0 0 0 0 33600 34662
201704 27891 29496 0 0 0 1 0 0 0 0 0 0 0 0 36000 37498
201705 30306 32079 0 0 0 0 1 0 0 0 0 0 0 0 34800 39484
201706 31664 32712 0 0 0 0 0 1 0 0 0 0 0 0 25000 35561
201707 15473 15936 0 0 0 0 0 0 1 0 0 0 0 0 19000 22857
201708 16705 17397 0 0 0 0 0 0 0 1 0 0 0 0 23500 25087
201709 18764 19823 0 0 0 0 0 0 0 0 1 0 0 0 27200 28978
201710 19872 21006 0 0 0 0 0 0 0 0 0 1 0 0 27000 30504
201711 20558 21532 0 0 0 0 0 0 0 0 0 0 1 0 25500 29461
201712 20169 21244 0 0 0 0 0 0 0 0 0 0 0 1 24000 27542

201801 19878 20531 1 0 0 0 0 0 0 0 0 0 0 0 23800 26080
201802 19706 20590 0 1 0 0 0 0 0 0 0 0 0 0 24100 25615
201803 20569 21567 0 0 1 0 0 0 0 0 0 0 0 0 25200 26721
201804 21990 22853 0 0 0 1 0 0 0 0 0 0 0 0 26300 27957
201805 22046 23009 0 0 0 0 1 0 0 0 0 0 0 0 25800 28003
201806 21461 22512 0 0 0 0 0 1 0 0 0 0 0 0 24500 26867
201807 21650 22434 0 0 0 0 0 0 1 0 0 0 0 0 24100 26267
201808 21982 22751 0 0 0 0 0 0 0 1 0 0 0 0 23000 25999
201809 22416 23050 0 0 0 0 0 0 0 0 1 0 0 0 23100 25774
201810 21841 22532 0 0 0 0 0 0 0 0 0 1 0 0 16000 24442
201811 17888 18209 0 0 0 0 0 0 0 0 0 0 1 0 18500 21239
201812 17864 18385 0 0 0 0 0 0 0 0 0 0 0 1 19600 21050


